0.543 0.457
0.00137994 0.000546448
0.00183993 0.000546448
0.00321987 0.0010929
0.00137994 0.000546448
0.00689972 0.000546448
0.00229991 0.000546448
0.00137994 0.0010929
0.00275989 0.0010929
0.00229991 0.000546448
0.00413983 0.0010929
0.000919963 0.000546448
0.00229991 0.000546448
0.000919963 0.000546448
0.00137994 0.000546448
0.0285189 0.00382514
0.00183993 0.000546448
0.00137994 0.000546448
0.000919963 0.000546448
0.00551978 0.00163934
0.00183993 0.000546448
0.00275989 0.0010929
0.00229991 0.000546448
0.00137994 0.000546448
0.00367985 0.0010929
0.00183993 0.000546448
0.00137994 0.000546448
0.00321987 0.0010929
0.00183993 0.000546448
0.00183993 0.000546448
0.00275989 0.000546448
0.00827967 0.00327869
0.00459982 0.00163934
0.0101196 0.00273224
0.00735971 0.00273224
0.00137994 0.000546448
0.00459982 0.000546448
0.0174793 0.00163934
0.00137994 0.000546448
0.00183993 0.000546448
0.00183993 0.000546448
0.00183993 0.000546448
0.00367985 0.000546448
0.00229991 0.000546448
0.000919963 0.000546448
0.00275989 0.000546448
0.00367985 0.000546448
0.00183993 0.000546448
0.000919963 0.000546448
0.00275989 0.0010929
0.00183993 0.000546448
0.00183993 0.000546448
0.00597976 0.0010929
0.00137994 0.000546448
0.00229991 0.000546448
0.00367985 0.0010929
0.00183993 0.000546448
0.0271389 0.00382514
0.00183993 0.000546448
0.0197792 0.00163934
0.00183993 0.000546448
0.00275989 0.000546448
0.00321987 0.0010929
0.00275989 0.0010929
0.00597976 0.00163934
0.00275989 0.000546448
0.0101196 0.00218579
0.00321987 0.000546448
0.00183993 0.000546448
0.00321987 0.000546448
0.00459982 0.000546448
0.00367985 0.000546448
0.00229991 0.0010929
0.00183993 0.000546448
0.00137994 0.000546448
0.00183993 0.000546448
0.00183993 0.000546448
0.000919963 0.000546448
0.00275989 0.0010929
0.00137994 0.000546448
0.00183993 0.000546448
0.00183993 0.000546448
0.00643974 0.00163934
0.00229991 0.000546448
0.00183993 0.000546448
0.00321987 0.0010929
0.00275989 0.0010929
0.00321987 0.0010929
0.00183993 0.000546448
0.00137994 0.000546448
0.00183993 0.000546448
0.00459982 0.000546448
0.00183993 0.0010929
0.000919963 0.000546448
0.00183993 0.000546448
0.00229991 0.0010929
0.00643974 0.00163934
0.00367985 0.0010929
0.000919963 0.000546448
0.00229991 0.000546448
0.00137994 0.000546448
0.00321987 0.0010929
0.000919963 0.000546448
0.00137994 0.000546448
0.00183993 0.000546448
0.00183993 0.000546448
0.00137994 0.000546448
0.00183993 0.000546448
0.00137994 0.000546448
0.00137994 0.000546448
0.000919963 0.000546448
0.00229991 0.000546448
0.00275989 0.0010929
0.00137994 0.000546448
0.00367985 0.0010929
0.00781969 0.00163934
0.00459982 0.0010929
0.0050598 0.00163934
0.00229991 0.000546448
0.00183993 0.000546448
0.00229991 0.000546448
0.00321987 0.000546448
0.00643974 0.0010929
0.00275989 0.0010929
0.00229991 0.000546448
0.00183993 0.000546448
0.00275989 0.0010929
0.00183993 0.000546448
0.00275989 0.000546448
0.00229991 0.000546448
0.00183993 0.000546448
0.000919963 0.000546448
0.00321987 0.000546448
0.000919963 0.000546448
0.00229991 0.000546448
0.000919963 0.000546448
0.00735971 0.00163934
0.00229991 0.0010929
0.00413983 0.000546448
0.00413983 0.000546448
0.00229991 0.000546448
0.00413983 0.0010929
0.00183993 0.000546448
0.00597976 0.00163934
0.000919963 0.000546448
0.000919963 0.000546448
0.00183993 0.000546448
0.00229991 0.000546448
0.00413983 0.0010929
0.00229991 0.000546448
0.00137994 0.000546448
0.00275989 0.0010929
0.00321987 0.000546448
0.00137994 0.000546448
0.00183993 0.000546448
0.00321987 0.000546448
0.000919963 0.000546448
0.00367985 0.0010929
0.00137994 0.000546448
0.00597976 0.0010929
0.00183993 0.000546448
0.00275989 0.0010929
0.00275989 0.000546448
0.00367985 0.000546448
0.000919963 0.000546448
0.00229991 0.000546448
0.00321987 0.0010929
0.00137994 0.000546448
0.00183993 0.000546448
0.00229991 0.000546448
0.00229991 0.000546448
0.00229991 0.000546448
0.00183993 0.000546448
0.00367985 0.0010929
0.00183993 0.000546448
0.00689972 0.00163934
0.00413983 0.0010929
0.00183993 0.000546448
0.00183993 0.000546448
0.0050598 0.0010929
0.00183993 0.000546448
0.00183993 0.000546448
0.00183993 0.000546448
0.00275989 0.0010929
0.00183993 0.000546448
0.0110396 0.0010929
0.00275989 0.0010929
0.00183993 0.000546448
0.00275989 0.0010929
0.00183993 0.000546448
0.00137994 0.000546448
0.00781969 0.00273224
0.00137994 0.000546448
0.00183993 0.000546448
0.00551978 0.000546448
0.00137994 0.000546448
0.00183993 0.000546448
0.00643974 0.00218579
0.00137994 0.000546448
0.00183993 0.000546448
0.00183993 0.000546448
0.00321987 0.000546448
0.00183993 0.000546448
0.00367985 0.00163934
0.00275989 0.000546448
0.00275989 0.0010929
0.00229991 0.000546448
0.00183993 0.000546448
0.00367985 0.0010929
0.00183993 0.000546448
0.00275989 0.0010929
0.00413983 0.000546448
0.00321987 0.0010929
0.00183993 0.000546448
0.00137994 0.000546448
0.00183993 0.000546448
0.00183993 0.000546448
0.00137994 0.000546448
0.0326587 0.00765027
0.00275989 0.0010929
0.00137994 0.000546448
0.00551978 0.00163934
0.00229991 0.0010929
0.00735971 0.00218579
0.00229991 0.000546448
0.00137994 0.000546448
0.00229991 0.000546448
0.00137994 0.000546448
0.000919963 0.000546448
0.000919963 0.000546448
0.00597976 0.00218579
0.00183993 0.000546448
0.000919963 0.000546448
0.000919963 0.000546448
0.00183993 0.000546448
0.00137994 0.0010929
0.0156394 0.0010929
0.00183993 0.000546448
0.00413983 0.0010929
0.00183993 0.000546448
0.00367985 0.000546448
0.00275989 0.000546448
0.000919963 0.000546448
0.00275989 0.0010929
0.00183993 0.000546448
0.00183993 0.000546448
0.00137994 0.000546448
0.00229991 0.000546448
0.00689972 0.00163934
0.00183993 0.000546448
0.00459982 0.0010929
0.00183993 0.000546448
0.00367985 0.0010929
0.00183993 0.000546448
0.00367985 0.000546448
0.00183993 0.000546448
0.00183993 0.000546448
0.00321987 0.0010929
0.00183993 0.000546448
0.0160994 0.00163934
0.00137994 0.000546448
0.00183993 0.000546448
0.0110396 0.00218579
0.00137994 0.000546448
0.00183993 0.000546448
0.000919963 0.000546448
0.00137994 0.000546448
0.0114995 0.00163934
0.000919963 0.000546448
0.00229991 0.0010929
0.0050598 0.0010929
0.00229991 0.000546448
0.00183993 0.000546448
0.00275989 0.000546448
0.00183993 0.000546448
0.00367985 0.0010929
0.00275989 0.0010929
0.00183993 0.000546448
0.00183993 0.000546448
0.00275989 0.000546448
0.00183993 0.000546448
0.00183993 0.000546448
0.00275989 0.000546448
0.0105796 0.0010929
0.00919963 0.0010929
0.00275989 0.000546448
0.000919963 0.000546448
0.00275989 0.0010929
0.00229991 0.000546448
0.00137994 0.000546448
0.00275989 0.000546448
0.0229991 0.00491803
0.000919963 0.000546448
0.000919963 0.000546448
0.00413983 0.0010929
0.0050598 0.000546448
0.000919963 0.000546448
0.00183993 0.0010929
0.00321987 0.0010929
0.00183993 0.000546448
0.00275989 0.000546448
0.00137994 0.000546448
0.0050598 0.00163934
0.00183993 0.0010929
0.00413983 0.0010929
0.00459982 0.0010929
0.000919963 0.000546448
0.00183993 0.000546448
0.00183993 0.000546448
0.00137994 0.000546448
0.00183993 0.000546448
0.00229991 0.000546448
0.00137994 0.000546448
0.00229991 0.000546448
0.00229991 0.0010929
0.0170193 0.00491803
0.00183993 0.000546448
0.00275989 0.000546448
0.000919963 0.000546448
0.00367985 0.000546448
0.00229991 0.0010929
0.00229991 0.000546448
0.0124195 0.00327869
0.00275989 0.0010929
0.00137994 0.000546448
0.00597976 0.00218579
0.000919963 0.000546448
0.00183993 0.000546448
0.00137994 0.000546448
0.000919963 0.000546448
0.00183993 0.000546448
0.00275989 0.0010929
0.00183993 0.000546448
0.00183993 0.000546448
0.00183993 0.000546448
0.00229991 0.000546448
0.00597976 0.00163934
0.00873965 0.0010929
0.00321987 0.000546448
0.00183993 0.000546448
0.00137994 0.0010929
0.00229991 0.000546448
0.00183993 0.000546448
0.00229991 0.0010929
0.00183993 0.000546448
0.00137994 0.000546448
0.00183993 0.000546448
0.00183993 0.000546448
0.00183993 0.000546448
0.00183993 0.000546448
0.00183993 0.000546448
0.00275989 0.000546448
0.00137994 0.000546448
0.00183993 0.000546448
0.00137994 0.000546448
0.00183993 0.0010929
0.00183993 0.000546448
0.00183993 0.000546448
0.00183993 0.000546448
0.00137994 0.000546448
0.00137994 0.000546448
0.00229991 0.000546448
0.00275989 0.000546448
0.00229991 0.000546448
0.00321987 0.000546448
0.00229991 0.000546448
0.00183993 0.000546448
0.000919963 0.000546448
0.00275989 0.000546448
0.00229991 0.000546448
0.000919963 0.000546448
0.00183993 0.000546448
0.00229991 0.00163934
0.00229991 0.000546448
0.00367985 0.0010929
0.000919963 0.000546448
0.00275989 0.0010929
0.00229991 0.000546448
0.00229991 0.000546448
0.00229991 0.000546448
0.00229991 0.0010929
0.00229991 0.0010929
0.00597976 0.00163934
0.0050598 0.00163934
0.00183993 0.000546448
0.00275989 0.000546448
0.00137994 0.0010929
0.00229991 0.0010929
0.00183993 0.000546448
0.00137994 0.000546448
0.00321987 0.000546448
0.00183993 0.000546448
0.00183993 0.000546448
0.00275989 0.000546448
0.00229991 0.0010929
0.00183993 0.000546448
0.00229991 0.0010929
0.00275989 0.000546448
0.00229991 0.000546448
0.00275989 0.000546448
0.00137994 0.000546448
0.000919963 0.000546448
0.00183993 0.0010929
0.00229991 0.000546448
0.00183993 0.000546448
0.00229991 0.000546448
0.00183993 0.000546448
0.00321987 0.0010929
0.00137994 0.000546448
0.00229991 0.0010929
0.00183993 0.000546448
0.00367985 0.000546448
0.00229991 0.000546448
0.0101196 0.00273224
0.00183993 0.000546448
0.00137994 0.000546448
0.000919963 0.000546448
0.000919963 0.000546448
0.00183993 0.000546448
0.00275989 0.000546448
0.00183993 0.000546448
0.00321987 0.0010929
0.00275989 0.000546448
0.00229991 0.000546448
0.000919963 0.000546448
0.00275989 0.0010929
0.00229991 0.000546448
0.000919963 0.000546448
0.00137994 0.000546448
0.00137994 0.000546448
0.00275989 0.000546448
0.00137994 0.000546448
0.00137994 0.000546448
0.00183993 0.000546448
0.00275989 0.000546448
0.00321987 0.0010929
0.00321987 0.0010929
0.00183993 0.000546448
0.00459982 0.0010929
0.00229991 0.000546448
0.00137994 0.000546448
0.00137994 0.000546448
0.000919963 0.000546448
0.00367985 0.000546448
0.00459982 0.0010929
0.000919963 0.000546448
0.00275989 0.0010929
0.00137994 0.000546448
0.00137994 0.000546448
0.00689972 0.00218579
0.000919963 0.000546448
0.00183993 0.000546448
0.00183993 0.000546448
0.00183993 0.000546448
0.0216191 0.0010929
0.00183993 0.000546448
0.00229991 0.000546448
0.00183993 0.000546448
0.00229991 0.000546448
0.000919963 0.000546448
0.00183993 0.000546448
0.00137994 0.000546448
0.00689972 0.00273224
0.00643974 0.0010929
0.00597976 0.0010929
0.00183993 0.000546448
0.00229991 0.0010929
0.00229991 0.000546448
0.00321987 0.0010929
0.00643974 0.00218579
0.00321987 0.0010929
0.00183993 0.000546448
0.00137994 0.000546448
0.00183993 0.0010929
0.00229991 0.000546448
0.00229991 0.000546448
0.00229991 0.0010929
0.00413983 0.000546448
0.00781969 0.00218579
0.0101196 0.000546448
0.000919963 0.000546448
0.00183993 0.000546448
0.00137994 0.000546448
0.00137994 0.000546448
0.00229991 0.000546448
0.00275989 0.000546448
0.00183993 0.000546448
0.0105796 0.0010929
0.00183993 0.000546448
0.00183993 0.000546448
0.00229991 0.0010929
0.00183993 0.000546448
0.00275989 0.000546448
0.00183993 0.000546448
0.00229991 0.000546448
0.00137994 0.000546448
0.00275989 0.0010929
0.00275989 0.0010929
0.00229991 0.000546448
0.00275989 0.000546448
0.00183993 0.000546448
0.00183993 0.000546448
0.000919963 0.000546448
0.000919963 0.000546448
0.00137994 0.000546448
0.00183993 0.000546448
0.00229991 0.0010929
0.00229991 0.000546448
0.00183993 0.000546448
0.00183993 0.000546448
0.00597976 0.00163934
0.00275989 0.0010929
0.00183993 0.000546448
0.00183993 0.000546448
0.00275989 0.0010929
0.0105796 0.00218579
0.00965961 0.00273224
0.00275989 0.000546448
0.000919963 0.000546448
0.00275989 0.0010929
0.00229991 0.000546448
0.00183993 0.000546448
0.00229991 0.000546448
0.00229991 0.000546448
0.000919963 0.000546448
0.00275989 0.0010929
0.00229991 0.000546448
0.00229991 0.000546448
0.0050598 0.0010929
0.00183993 0.000546448
0.00183993 0.000546448
0.000919963 0.000546448
0.00183993 0.000546448
0.00137994 0.000546448
0.00183993 0.0010929
0.00321987 0.0010929
0.000919963 0.000546448
0.00183993 0.000546448
0.00183993 0.000546448
0.00229991 0.0010929
0.00275989 0.000546448
0.00275989 0.0010929
0.00183993 0.000546448
0.00137994 0.000546448
0.00229991 0.000546448
0.00183993 0.000546448
0.00183993 0.000546448
0.00413983 0.00163934
0.00183993 0.000546448
0.00183993 0.0010929
0.00275989 0.0010929
0.00275989 0.000546448
0.00229991 0.000546448
0.00137994 0.000546448
0.00183993 0.000546448
0.00183993 0.000546448
0.00183993 0.000546448
0.00183993 0.0010929
0.0156394 0.00327869
0.00183993 0.000546448
0.00321987 0.000546448
0.00137994 0.000546448
0.00183993 0.000546448
0.00137994 0.000546448
0.00137994 0.000546448
0.00137994 0.0010929
0.00137994 0.000546448
0.00137994 0.000546448
0.00183993 0.000546448
0.00183993 0.000546448
0.000919963 0.000546448
0.00137994 0.000546448
0.000919963 0.000546448
0.00367985 0.0010929
0.00183993 0.000546448
0.000919963 0.000546448
0.00183993 0.000546448
0.00275989 0.0010929
0.00321987 0.0010929
0.0137994 0.00163934
0.00137994 0.000546448
0.00183993 0.000546448
0.00275989 0.0010929
0.00229991 0.000546448
0.00275989 0.0010929
0.00183993 0.0010929
0.000919963 0.000546448
0.00229991 0.000546448
0.00597976 0.00163934
0.00275989 0.0010929
0.000919963 0.000546448
0.00183993 0.000546448
0.00137994 0.000546448
0.00137994 0.000546448
0.00459982 0.00163934
0.00321987 0.0010929
0.00275989 0.000546448
0.00183993 0.000546448
0.00183993 0.000546448
0.000919963 0.000546448
0.00229991 0.000546448
0.00229991 0.000546448
0.00183993 0.000546448
0.00781969 0.000546448
0.00367985 0.0010929
0.00183993 0.000546448
0.00413983 0.000546448
0.00137994 0.000546448
0.00183993 0.000546448
0.00137994 0.000546448
0.00183993 0.000546448
0.00321987 0.000546448
0.00183993 0.000546448
0.00183993 0.0010929
0.00321987 0.0010929
0.000919963 0.000546448
0.00183993 0.000546448
0.00183993 0.000546448
0.00183993 0.000546448
0.00183993 0.000546448
0.00137994 0.000546448
0.00183993 0.000546448
0.00183993 0.000546448
0.00275989 0.0010929
0.00137994 0.000546448
0.000919963 0.000546448
0.000919963 0.000546448
0.00183993 0.000546448
0.00183993 0.000546448
0.00781969 0.00163934
0.00275989 0.0010929
0.00413983 0.0010929
0.00275989 0.000546448
0.0050598 0.0010929
0.000919963 0.000546448
0.00137994 0.000546448
0.402024 0.138798
0.00183993 0.000546448
0.00137994 0.000546448
0.00229991 0.000546448
0.000919963 0.000546448
0.00183993 0.000546448
0.00229991 0.000546448
0.00413983 0.0010929
0.000919963 0.000546448
0.00183993 0.000546448
0.00275989 0.0010929
0.00183993 0.000546448
0.00137994 0.000546448
0.00183993 0.000546448
0.00413983 0.0010929
0.00229991 0.000546448
0.00275989 0.000546448
0.00183993 0.000546448
0.00183993 0.000546448
0.0390984 0.00710383
0.168813 0.031694
0.00137994 0.000546448
0.00367985 0.000546448
0.00137994 0.000546448
0.00137994 0.000546448
0.0151794 0.00218579
0.00183993 0.000546448
0.00275989 0.000546448
0.000919963 0.000546448
0.00183993 0.000546448
0.00137994 0.000546448
0.00137994 0.000546448
0.00597976 0.00163934
0.00137994 0.000546448
0.00229991 0.000546448
0.00183993 0.000546448
0.00367985 0.000546448
0.00643974 0.000546448
0.00183993 0.000546448
0.00137994 0.000546448
0.00275989 0.000546448
0.00275989 0.0010929
0.00321987 0.0010929
0.0110396 0.00382514
0.00275989 0.0010929
0.00735971 0.0010929
0.0110396 0.00273224
0.0105796 0.00218579
0.00275989 0.000546448
0.00229991 0.000546448
0.00367985 0.000546448
0.00275989 0.000546448
0.00183993 0.000546448
0.00183993 0.000546448
0.00275989 0.0010929
0.00183993 0.000546448
0.00275989 0.0010929
0.00183993 0.000546448
0.00183993 0.000546448
0.00183993 0.000546448
0.00275989 0.0010929
0.00183993 0.000546448
0.0050598 0.0010929
0.000919963 0.000546448
0.00229991 0.000546448
0.00275989 0.0010929
0.00229991 0.000546448
0.00183993 0.000546448
0.0050598 0.00163934
0.000919963 0.0010929
0.00183993 0.000546448
0.00321987 0.0010929
0.00137994 0.000546448
0.00183993 0.000546448
0.00275989 0.000546448
0.00183993 0.000546448
0.00459982 0.000546448
0.0183993 0.00327869
0.00137994 0.000546448
0.00367985 0.000546448
0.00275989 0.0010929
0.00367985 0.0010929
0.00137994 0.000546448
0.0050598 0.00163934
0.00229991 0.000546448
0.00183993 0.000546448
0.00229991 0.000546448
0.00137994 0.000546448
0.00321987 0.0010929
0.000919963 0.000546448
0.00183993 0.000546448
0.00183993 0.000546448
0.00183993 0.000546448
0.00597976 0.00218579
0.00321987 0.0010929
0.00183993 0.000546448
0.000919963 0.000546448
0.00275989 0.000546448
0.00229991 0.000546448
0.0114995 0.00218579
0.00137994 0.000546448
0.00183993 0.000546448
0.00229991 0.000546448
0.00137994 0.000546448
0.000919963 0.000546448
0.000919963 0.000546448
0.00367985 0.000546448
0.00551978 0.000546448
0.00183993 0.000546448
0.00367985 0.0010929
0.00183993 0.000546448
0.000919963 0.000546448
0.00183993 0.0010929
0.00229991 0.000546448
0.00873965 0.00218579
0.00229991 0.000546448
0.00459982 0.00163934
0.00275989 0.000546448
0.00229991 0.000546448
0.00137994 0.000546448
0.00183993 0.000546448
0.00321987 0.0010929
0.00229991 0.000546448
0.00183993 0.000546448
0.00137994 0.000546448
0.00367985 0.000546448
0.00183993 0.000546448
0.00137994 0.000546448
0.00137994 0.000546448
0.00229991 0.0010929
0.00229991 0.000546448
0.00275989 0.0010929
0.00137994 0.000546448
0.00321987 0.0010929
0.00137994 0.000546448
0.00459982 0.0010929
0.00229991 0.000546448
0.00275989 0.0010929
0.00183993 0.000546448
0.00183993 0.000546448
0.00183993 0.000546448
0.00183993 0.000546448
0.00459982 0.00163934
0.00229991 0.000546448
0.0101196 0.00163934
0.00137994 0.000546448
0.00413983 0.000546448
0.00275989 0.0010929
0.00137994 0.000546448
0.00137994 0.000546448
0.00183993 0.000546448
0.00229991 0.000546448
0.00137994 0.000546448
0.00321987 0.0010929
0.00229991 0.000546448
0.00183993 0.000546448
0.00413983 0.000546448
0.00459982 0.00163934
0.00183993 0.000546448
0.00183993 0.000546448
0.00275989 0.000546448
0.00183993 0.000546448
0.0372585 0.00327869
0.00413983 0.0010929
0.00183993 0.000546448
0.00367985 0.0010929
0.00137994 0.000546448
0.00183993 0.000546448
0.00183993 0.000546448
0.00597976 0.00163934
0.00367985 0.0010929
0.00735971 0.0010929
0.00275989 0.000546448
0.00367985 0.000546448
0.00275989 0.000546448
0.00183993 0.000546448
0.00413983 0.00163934
0.00183993 0.000546448
0.00183993 0.000546448
0.00183993 0.000546448
0.00183993 0.000546448
0.00183993 0.000546448
0.00643974 0.00163934
0.00459982 0.0010929
0.00321987 0.0010929
0.00183993 0.000546448
0.00183993 0.000546448
0.00183993 0.000546448
0.00183993 0.000546448
0.00183993 0.000546448
0.00367985 0.000546448
0.00137994 0.000546448
0.000919963 0.000546448
0.00321987 0.0010929
0.0050598 0.000546448
0.00229991 0.000546448
0.00137994 0.000546448
0.00137994 0.000546448
0.00321987 0.000546448
0.00183993 0.000546448
0.00275989 0.0010929
0.00137994 0.000546448
0.000919963 0.000546448
0.00275989 0.0010929
0.00183993 0.000546448
0.00183993 0.000546448
0.00183993 0.000546448
0.00229991 0.000546448
0.00321987 0.000546448
0.00367985 0.000546448
0.00229991 0.000546448
0.00229991 0.000546448
0.00229991 0.000546448
0.00137994 0.000546448
0.00367985 0.0010929
0.00367985 0.000546448
0.00137994 0.0010929
0.00183993 0.000546448
0.00275989 0.000546448
0.000919963 0.000546448
0.00275989 0.0010929
0.00413983 0.000546448
0.00183993 0.000546448
0.00229991 0.000546448
0.00137994 0.000546448
0.00321987 0.0010929
0.00183993 0.000546448
0.00229991 0.000546448
0.00413983 0.000546448
0.00321987 0.000546448
0.00137994 0.000546448
0.00873965 0.00163934
0.00183993 0.000546448
0.00183993 0.000546448
0.00183993 0.000546448
0.00229991 0.000546448
0.00137994 0.000546448
0.00459982 0.0010929
0.00459982 0.0010929
0.00183993 0.000546448
0.00183993 0.000546448
0.00183993 0.000546448
0.00551978 0.0010929
0.000919963 0.000546448
0.0179393 0.00382514
0.00137994 0.000546448
0.000919963 0.000546448
0.00183993 0.000546448
0.00229991 0.000546448
0.00137994 0.000546448
0.00137994 0.000546448
0.00137994 0.000546448
0.00229991 0.000546448
0.00137994 0.000546448
0.00137994 0.0010929
0.00183993 0.0010929
0.00367985 0.0010929
0.00229991 0.000546448
0.00183993 0.000546448
0.00689972 0.0010929
0.0050598 0.0010929
0.00275989 0.000546448
0.00183993 0.000546448
0.00183993 0.000546448
0.00183993 0.000546448
0.00183993 0.000546448
0.00137994 0.000546448
0.00137994 0.000546448
0.00137994 0.000546448
0.00137994 0.000546448
0.00183993 0.000546448
0.00229991 0.000546448
0.00229991 0.000546448
0.00183993 0.000546448
0.00689972 0.00163934
0.00229991 0.000546448
0.000919963 0.000546448
0.00229991 0.000546448
0.00183993 0.000546448
0.00367985 0.000546448
0.00275989 0.0010929
0.00275989 0.000546448
0.000919963 0.000546448
0.00183993 0.000546448
0.00597976 0.000546448
0.00137994 0.000546448
0.00965961 0.00218579
0.00183993 0.000546448
0.00413983 0.000546448
0.00321987 0.000546448
0.00183993 0.000546448
0.00643974 0.0010929
0.00183993 0.000546448
0.00137994 0.000546448
0.00321987 0.000546448
0.00137994 0.000546448
0.0133395 0.000546448
0.00137994 0.000546448
0.00183993 0.000546448
0.00459982 0.0010929
0.00275989 0.0010929
0.00137994 0.000546448
0.00183993 0.000546448
0.00459982 0.0010929
0.000919963 0.000546448
0.00367985 0.0010929
0.00183993 0.000546448
0.00183993 0.000546448
0.00137994 0.000546448
0.00229991 0.000546448
0.0050598 0.0010929
0.00137994 0.000546448
0.000919963 0.000546448
0.00965961 0.00218579
0.00183993 0.000546448
0.00229991 0.000546448
0.00321987 0.000546448
0.00183993 0.000546448
0.000919963 0.000546448
0.00275989 0.0010929
0.00183993 0.000546448
0.00367985 0.0010929
0.00229991 0.000546448
0.00137994 0.000546448
0.00183993 0.0010929
0.00137994 0.000546448
0.00229991 0.000546448
0.00827967 0.00382514
0.00137994 0.000546448
0.00367985 0.000546448
0.00183993 0.000546448
0.00183993 0.000546448
0.0367985 0.00874317
0.00275989 0.000546448
0.000919963 0.000546448
0.00183993 0.000546448
0.0110396 0.00218579
0.00137994 0.000546448
0.00137994 0.000546448
0.00275989 0.000546448
0.00643974 0.00163934
0.00137994 0.000546448
0.00183993 0.000546448
0.00275989 0.000546448
0.00229991 0.000546448
0.00229991 0.0010929
0.00137994 0.000546448
0.000919963 0.000546448
0.00735971 0.00273224
0.00183993 0.000546448
0.00229991 0.000546448
0.00183993 0.000546448
0.00183993 0.0010929
0.00183993 0.000546448
0.00459982 0.0010929
0.00275989 0.000546448
0.00137994 0.000546448
0.00275989 0.000546448
0.0050598 0.00163934
0.00275989 0.000546448
0.00275989 0.000546448
0.00137994 0.000546448
0.00183993 0.000546448
0.00183993 0.000546448
0.00597976 0.0010929
0.00183993 0.000546448
0.000919963 0.000546448
0.114075 0.0333333
0.00735971 0.0010929
0.00137994 0.000546448
0.00137994 0.000546448
0.00137994 0.000546448
0.00229991 0.000546448
0.00183993 0.000546448
0.0101196 0.00218579
0.00137994 0.000546448
0.00183993 0.000546448
0.0119595 0.00273224
0.00183993 0.000546448
0.000459982 0.0010929
0.000459982 0.00546448
0.00275989 0.015847
0.000459982 0.00218579
0.000459982 0.00163934
0.000459982 0.00218579
0.000459982 0.00218579
0.000459982 0.00273224
0.000459982 0.00218579
0.000459982 0.00218579
0.000459982 0.00163934
0.000459982 0.00218579
0.000919963 0.00491803
0.000459982 0.00273224
0.000459982 0.00218579
0.000919963 0.00491803
0.000459982 0.00273224
0.000459982 0.00163934
0.000459982 0.00327869
0.000459982 0.0010929
0.000459982 0.00218579
0.000459982 0.00273224
0.000459982 0.00437158
0.000459982 0.0010929
0.000459982 0.00382514
0.000459982 0.00218579
0.000459982 0.00218579
0.000919963 0.00437158
0.000459982 0.00163934
0.000919963 0.00491803
0.000919963 0.00382514
0.000919963 0.00327869
0.000459982 0.0010929
0.000919963 0.00218579
0.000459982 0.00218579
0.000919963 0.00327869
0.000459982 0.00218579
0.000459982 0.00163934
0.000459982 0.00163934
0.000459982 0.0010929
0.000459982 0.00218579
0.000459982 0.00273224
0.000919963 0.00382514
0.000459982 0.0010929
0.000919963 0.00382514
0.00137994 0.00382514
0.000459982 0.00327869
0.000459982 0.00273224
0.000919963 0.00273224
0.000459982 0.00218579
0.000919963 0.00491803
0.00183993 0.00819672
0.000919963 0.00327869
0.000459982 0.00327869
0.000459982 0.00382514
0.000919963 0.00273224
0.000919963 0.00273224
0.000459982 0.00218579
0.000919963 0.00273224
0.000459982 0.00273224
0.000459982 0.00327869
0.000459982 0.00218579
0.000459982 0.00218579
0.000459982 0.00218579
0.000919963 0.00491803
0.000459982 0.00273224
0.00137994 0.00491803
0.000459982 0.00218579
0.000459982 0.0010929
0.000459982 0.00327869
0.000459982 0.0010929
0.000459982 0.00273224
0.000459982 0.0010929
0.000919963 0.00327869
0.00137994 0.00437158
0.00137994 0.00601093
0.000459982 0.00218579
0.000459982 0.0153005
0.000459982 0.00163934
0.00137994 0.00655738
0.000919963 0.00163934
0.000459982 0.0010929
0.000459982 0.00273224
0.000459982 0.00601093
0.000919963 0.00218579
0.000459982 0.00218579
0.000459982 0.00163934
0.000459982 0.00382514
0.000919963 0.00327869
0.000459982 0.00273224
0.000919963 0.00437158
0.000459982 0.00218579
0.000459982 0.00163934
0.000919963 0.00382514
0.000459982 0.00382514
0.000459982 0.00163934
0.000459982 0.0010929
0.000459982 0.00218579
0.000919963 0.00163934
0.000459982 0.00437158
0.000459982 0.00273224
0.000459982 0.00218579
0.000459982 0.00163934
0.000459982 0.00163934
0.000459982 0.00163934
0.000459982 0.00218579
0.000459982 0.00218579
0.000459982 0.00218579
0.000459982 0.00601093
0.000459982 0.00273224
0.000459982 0.00546448
0.000459982 0.00218579
0.000459982 0.00218579
0.000459982 0.00218579
0.000459982 0.00437158
0.000459982 0.00327869
0.000459982 0.00163934
0.000459982 0.0010929
0.000459982 0.00163934
0.000459982 0.00273224
0.000459982 0.00218579
0.000459982 0.00327869
0.000459982 0.00163934
0.00183993 0.00983607
0.000919963 0.00437158
0.000459982 0.0010929
0.000459982 0.00218579
0.00229991 0.00710383
0.000459982 0.00218579
0.000919963 0.00546448
0.000459982 0.00218579
0.000459982 0.00327869
0.000459982 0.00327869
0.000459982 0.00273224
0.000459982 0.00327869
0.000459982 0.00163934
0.000919963 0.00491803
0.000459982 0.00218579
0.000459982 0.00163934
0.000459982 0.00218579
0.000459982 0.0010929
0.000459982 0.00163934
0.000919963 0.00327869
0.000459982 0.00382514
0.000459982 0.00218579
0.000459982 0.00601093
0.000459982 0.00218579
0.000459982 0.00218579
0.000919963 0.00437158
0.000919963 0.00710383
0.000459982 0.00273224
0.000459982 0.0010929
0.000459982 0.00163934
0.000459982 0.00163934
0.000459982 0.0142077
0.000919963 0.00327869
0.00137994 0.00273224
0.000459982 0.00327869
0.000459982 0.00273224
0.000919963 0.00273224
0.000919963 0.00163934
0.000459982 0.0010929
0.000459982 0.00273224
0.000459982 0.00163934
0.000459982 0.00218579
0.000459982 0.00218579
0.000459982 0.00218579
0.000459982 0.00218579
0.000459982 0.00218579
0.000459982 0.00382514
0.000459982 0.00273224
0.000919963 0.00382514
0.000459982 0.00218579
0.000459982 0.00273224
0.000459982 0.00218579
0.000459982 0.00327869
0.000919963 0.00491803
0.000459982 0.00218579
0.000459982 0.00273224
0.000919963 0.00491803
0.000919963 0.00327869
0.000459982 0.00327869
0.000459982 0.00273224
0.000459982 0.0010929
0.000459982 0.00218579
0.000459982 0.00218579
0.000459982 0.00327869
0.000459982 0.00218579
0.000919963 0.010929
0.000459982 0.00273224
0.000459982 0.00218579
0.000459982 0.00218579
0.000459982 0.00163934
0.000919963 0.00655738
0.000459982 0.00218579
0.000459982 0.00163934
0.000919963 0.00163934
0.000459982 0.00218579
0.000919963 0.00437158
0.000459982 0.00218579
0.000459982 0.00163934
0.00183993 0.00765027
0.000459982 0.00491803
0.000459982 0.00218579
0.000459982 0.00163934
0.000919963 0.00273224
0.000459982 0.00163934
0.000919963 0.00327869
0.000459982 0.00218579
0.000919963 0.00273224
0.000459982 0.00218579
0.000919963 0.00218579
0.000919963 0.00327869
0.000919963 0.00382514
0.000459982 0.00437158
0.000459982 0.0010929
0.000919963 0.00218579
0.000459982 0.00273224
0.000459982 0.00218579
0.000459982 0.00327869
0.000459982 0.00491803
0.000459982 0.00163934
0.00137994 0.00601093
0.000459982 0.0010929
0.000459982 0.00218579
0.000459982 0.0010929
0.000459982 0.00273224
0.000459982 0.00273224
0.000919963 0.00218579
0.000459982 0.00163934
0.000459982 0.00273224
0.000459982 0.00273224
0.000459982 0.00327869
0.000459982 0.00218579
0.00137994 0.00601093
0.000459982 0.00382514
0.000459982 0.00491803
0.000459982 0.00218579
0.000459982 0.00218579
0.000919963 0.00382514
0.000459982 0.00273224
0.000919963 0.00327869
0.000459982 0.00163934
0.000459982 0.00163934
0.000459982 0.00218579
0.00275989 0.0114754
0.000919963 0.00273224
0.000459982 0.0010929
0.0050598 0.0245902
0.000919963 0.00327869
0.000459982 0.00163934
0.000919963 0.00601093
0.000459982 0.00546448
0.000459982 0.00218579
0.000459982 0.00218579
0.000459982 0.00218579
0.000459982 0.00218579
0.000459982 0.00218579
0.000459982 0.00218579
0.000459982 0.00163934
0.00137994 0.00601093
0.000459982 0.00218579
0.000459982 0.00382514
0.000459982 0.00273224
0.000459982 0.00327869
0.000919963 0.00382514
0.000459982 0.00218579
0.00183993 0.00928962
0.00781969 0.0464481
0.000459982 0.0010929
0.000459982 0.00218579
0.000919963 0.00273224
0.000459982 0.00163934
0.000919963 0.00327869
0.00137994 0.00218579
0.000459982 0.00273224
0.000919963 0.00382514
0.000459982 0.0010929
0.000459982 0.00218579
0.000459982 0.00163934
0.000459982 0.00218579
0.000459982 0.00163934
0.000459982 0.00163934
0.000459982 0.0010929
0.000459982 0.00163934
0.000459982 0.00218579
0.000459982 0.00273224
0.000459982 0.00163934
0.000459982 0.0010929
0.000459982 0.00163934
0.000459982 0.00218579
0.000459982 0.00546448
0.000459982 0.00327869
0.000459982 0.00218579
0.000919963 0.00327869
0.000919963 0.00382514
0.000919963 0.00327869
0.000459982 0.00163934
0.000919963 0.00327869
0.000459982 0.00163934
0.000459982 0.00163934
0.000459982 0.0010929
0.000919963 0.00327869
0.000459982 0.00163934
0.000459982 0.00273224
0.000919963 0.00218579
0.000459982 0.00163934
0.000459982 0.00163934
0.000459982 0.00163934
0.000919963 0.00327869
0.000459982 0.00218579
0.000919963 0.00546448
0.000459982 0.00163934
0.000459982 0.0010929
0.000459982 0.00218579
0.000919963 0.00655738
0.000459982 0.00491803
0.000919963 0.00327869
0.000459982 0.00218579
0.000459982 0.00163934
0.000919963 0.00437158
0.000459982 0.00163934
0.000459982 0.00327869
0.000919963 0.00218579
0.000459982 0.0010929
0.00137994 0.00491803
0.000919963 0.00273224
0.000919963 0.00437158
0.000459982 0.00382514
0.000459982 0.00218579
0.000459982 0.0010929
0.000459982 0.00218579
0.000459982 0.00218579
0.000459982 0.00163934
0.000459982 0.00327869
0.000459982 0.00546448
0.000459982 0.00273224
0.000459982 0.00218579
0.000919963 0.00218579
0.000459982 0.00163934
0.000459982 0.00163934
0.00183993 0.0213115
0.000459982 0.0010929
0.000459982 0.00273224
0.000459982 0.00327869
0.000459982 0.00273224
0.000459982 0.0010929
0.000919963 0.00710383
0.000459982 0.00218579
0.000919963 0.00382514
0.000459982 0.0010929
0.000459982 0.0010929
0.000459982 0.00218579
0.000459982 0.00163934
0.000459982 0.00218579
0.000459982 0.00218579
0.000459982 0.00218579
0.000459982 0.00273224
0.00367985 0.0180328
0.000459982 0.00218579
0.00137994 0.0103825
0.000459982 0.0010929
0.000919963 0.00327869
0.000459982 0.0010929
0.000919963 0.00218579
0.000459982 0.00218579
0.00137994 0.00765027
0.000459982 0.00382514
0.000919963 0.00273224
0.000459982 0.00163934
0.000459982 0.00218579
0.000459982 0.00218579
0.000459982 0.00218579
0.000919963 0.00327869
0.000459982 0.00218579
0.000459982 0.00546448
0.000459982 0.00218579
0.000459982 0.00218579
0.000459982 0.00273224
0.000919963 0.00273224
0.000919963 0.00163934
0.000459982 0.00163934
0.000459982 0.00765027
0.000459982 0.00218579
0.000919963 0.00382514
0.000459982 0.00163934
0.000459982 0.0010929
0.000459982 0.00218579
0.000459982 0.00327869
0.000459982 0.00327869
0.000459982 0.00273224
0.000919963 0.00327869
0.000459982 0.00218579
0.000459982 0.00218579
0.000919963 0.00327869
0.000459982 0.00765027
0.000459982 0.00163934
0.000919963 0.00218579
0.00229991 0.0120219
0.000459982 0.00163934
0.000459982 0.00218579
0.000919963 0.00382514
0.000459982 0.00218579
0.000459982 0.00491803
0.000459982 0.00218579
0.000459982 0.00163934
0.000459982 0.0010929
0.000459982 0.00163934
0.00183993 0.00983607
0.000459982 0.00218579
0.000459982 0.00218579
0.000459982 0.00218579
0.000459982 0.00218579
0.000459982 0.00163934
0.000919963 0.00273224
0.00137994 0.00601093
0.00137994 0.00765027
0.000919963 0.00382514
0.000459982 0.00218579
0.000459982 0.00273224
0.000459982 0.00273224
0.000459982 0.0010929
0.000459982 0.00218579
0.000459982 0.00218579
0.000459982 0.00218579
0.000459982 0.00218579
0.000459982 0.00218579
0.000919963 0.00218579
0.000919963 0.00218579
0.000919963 0.00273224
0.000459982 0.0010929
0.000459982 0.0010929
0.000459982 0.00163934
0.000459982 0.00163934
0.000459982 0.00273224
0.000459982 0.00327869
0.000459982 0.00163934
0.000459982 0.00163934
0.000459982 0.00218579
0.000919963 0.00601093
0.000919963 0.00655738
0.000459982 0.00218579
0.000459982 0.0010929
0.000459982 0.00163934
0.000459982 0.00273224
0.000459982 0.00273224
0.000459982 0.0010929
0.000459982 0.00218579
0.000459982 0.00218579
0.000919963 0.00655738
0.000459982 0.00163934
0.000919963 0.00327869
0.000459982 0.00273224
0.000459982 0.0010929
0.000459982 0.0010929
0.000459982 0.00218579
0.000459982 0.00273224
0.000459982 0.00218579
0.000459982 0.00273224
0.000459982 0.00273224
0.000459982 0.00163934
0.000459982 0.00218579
0.000459982 0.00273224
0.000459982 0.00273224
0.000919963 0.00327869
0.000459982 0.00218579
0.000459982 0.00163934
0.000919963 0.00273224
0.000459982 0.00327869
0.000459982 0.00163934
0.000919963 0.00382514
0.000459982 0.00218579
0.000459982 0.00218579
0.000919963 0.00163934
0.000919963 0.00382514
0.000919963 0.00218579
0.000459982 0.00163934
0.000459982 0.00218579
0.000459982 0.00163934
0.000919963 0.00273224
0.000459982 0.00382514
0.000459982 0.00437158
0.000459982 0.00218579
0.000459982 0.0010929
0.000459982 0.00218579
0.000459982 0.00163934
0.000919963 0.00437158
0.000459982 0.0010929
0.000459982 0.0010929
0.000919963 0.00437158
0.000459982 0.00218579
0.000459982 0.00218579
0.000919963 0.00491803
0.000459982 0.00437158
0.00137994 0.00546448
0.000459982 0.00218579
0.000459982 0.00163934
0.000459982 0.00163934
0.000459982 0.00163934
0.000919963 0.00273224
0.000919963 0.00382514
0.000459982 0.0010929
0.000459982 0.00437158
0.000459982 0.00327869
0.000919963 0.00382514
0.000459982 0.0010929
0.000459982 0.00382514
0.000459982 0.00218579
0.000919963 0.00546448
0.000459982 0.00382514
0.000459982 0.00163934
0.000459982 0.00273224
0.000459982 0.00218579
0.000459982 0.00218579
0.000919963 0.00491803
0.000459982 0.00218579
0.000459982 0.0010929
0.000459982 0.00218579
0.000919963 0.00218579
0.00137994 0.00327869
0.000459982 0.0010929
0.000459982 0.00819672
0.000459982 0.00163934
0.000459982 0.0010929
0.000459982 0.00218579
0.000459982 0.00163934
0.000459982 0.0010929
0.000459982 0.00273224
0.000459982 0.0010929
0.000459982 0.00273224
0.000919963 0.00327869
0.000919963 0.00437158
0.000459982 0.00163934
0.000459982 0.00273224
0.000459982 0.00273224
0.000459982 0.00218579
0.000459982 0.00163934
0.000919963 0.00273224
0.000919963 0.00327869
0.000459982 0.00163934
0.000919963 0.00218579
0.000459982 0.00163934
0.000459982 0.00218579
0.000459982 0.00218579
0.000459982 0.00218579
0.000459982 0.00163934
0.000459982 0.00218579
0.000919963 0.00273224
0.000919963 0.00327869
0.000459982 0.0010929
0.000459982 0.00273224
0.000459982 0.00218579
0.000919963 0.00273224
0.000459982 0.00273224
0.000459982 0.00218579
0.000459982 0.00273224
0.000459982 0.00327869
0.000459982 0.00327869
0.000459982 0.00218579
0.000459982 0.00218579
0.000459982 0.00327869
0.000459982 0.00327869
0.000459982 0.00218579
0.000459982 0.00382514
0.000459982 0.00273224
0.000459982 0.00218579
0.000459982 0.00163934
0.000459982 0.00163934
0.000459982 0.00218579
0.000459982 0.00273224
0.000459982 0.00218579
0.000459982 0.00163934
0.000459982 0.00218579
0.000919963 0.00546448
0.00229991 0.0125683
0.000459982 0.00163934
0.000919963 0.00327869
0.000459982 0.00218579
0.000459982 0.00273224
0.000459982 0.00218579
0.000919963 0.00437158
0.000459982 0.00327869
0.000919963 0.00327869
0.000919963 0.00327869
0.000459982 0.00163934
0.000459982 0.00218579
0.000919963 0.00327869
0.000459982 0.00163934
0.000459982 0.00218579
0.000459982 0.00218579
0.000459982 0.00163934
0.000459982 0.00163934
0.000459982 0.00437158
0.000459982 0.00327869
0.000459982 0.00218579
0.000459982 0.00928962
0.000459982 0.00273224
0.000459982 0.00218579
0.000919963 0.00163934
0.000459982 0.00437158
0.000459982 0.0010929
0.000459982 0.0010929
0.000459982 0.00382514
0.000459982 0.0010929
0.000459982 0.00163934
0.000459982 0.00273224
0.00137994 0.00437158
0.000459982 0.00382514
0.00229991 0.0153005
0.000919963 0.00327869
0.000459982 0.00163934
0.000919963 0.00327869
0.000459982 0.00273224
0.000459982 0.00218579
0.000459982 0.00382514
0.000459982 0.00163934
0.000459982 0.00273224
0.000919963 0.00437158
0.000459982 0.00163934
0.000459982 0.00273224
0.000459982 0.00218579
0.000459982 0.00437158
0.00137994 0.00382514
0.000919963 0.00163934
0.000459982 0.00218579
0.000459982 0.00218579
0.000459982 0.0010929
0.000919963 0.00327869
0.000459982 0.00163934
0.000459982 0.00327869
0.000459982 0.00382514
0.000459982 0.00382514
0.000459982 0.0010929
0.00137994 0.0103825
0.000459982 0.0010929
0.000459982 0.00218579
0.000459982 0.00273224
0.000459982 0.00163934
0.000459982 0.00163934
0.000459982 0.00163934
0.000459982 0.00163934
0.000459982 0.00218579
0.000459982 0.00382514
0.000459982 0.00218579
0.000459982 0.00327869
0.000459982 0.00327869
0.000459982 0.00218579
0.000459982 0.00163934
0.000459982 0.00655738
0.000459982 0.0196721
0.000459982 0.00218579
0.000459982 0.00218579
0.000919963 0.00273224
0.000459982 0.00163934
0.000459982 0.00218579
0.000919963 0.00327869
0.000459982 0.00273224
0.000459982 0.0010929
0.000459982 0.00273224
0.000459982 0.00765027
0.000459982 0.00273224
0.00137994 0.00546448
0.000919963 0.00273224
0.000919963 0.00437158
0.000919963 0.00601093
0.000459982 0.00163934
0.000459982 0.00163934
0.000459982 0.00218579
0.000459982 0.00327869
0.000459982 0.00273224
0.00137994 0.00546448
0.000459982 0.0010929
0.000459982 0.00765027
0.000459982 0.00163934
0.000459982 0.00273224
0.000919963 0.00218579
0.000459982 0.0010929
0.000459982 0.00218579
0.000919963 0.00765027
0.000459982 0.00163934
0.000919963 0.00382514
0.000459982 0.00163934
0.000459982 0.00218579
0.000459982 0.00327869
0.000459982 0.00928962
0.000919963 0.00491803
0.000459982 0.0010929
0.000459982 0.0010929
0.000459982 0.0010929
0.000459982 0.00218579
0.000919963 0.00655738
0.000459982 0.00163934
0.000919963 0.00382514
0.000459982 0.0010929
0.000919963 0.00163934
0.000459982 0.0010929
0.000459982 0.00163934
0.000459982 0.0010929
0.000459982 0.00163934
0.00183993 0.00546448
0.00137994 0.00874317
0.00137994 0.00327869
0.000459982 0.00327869
0.000459982 0.00218579
0.000459982 0.00327869
0.000459982 0.00163934
0.000459982 0.00546448
0.000459982 0.00218579
0.000459982 0.00163934
0.00137994 0.00491803
0.000459982 0.00218579
0.000459982 0.00163934
0.000459982 0.00163934
0.000459982 0.00382514
0.000459982 0.00163934
0.000459982 0.00273224
0.000919963 0.00327869
0.00275989 0.00874317
0.000459982 0.00218579
0.00137994 0.00546448
0.000459982 0.00163934
0.000459982 0.00218579
0.000919963 0.00273224
0.00137994 0.00710383
0.000459982 0.00273224
0.000459982 0.0010929
0.000459982 0.00273224
0.000459982 0.00218579
0.000459982 0.00163934
0.000919963 0.00382514
0.000459982 0.00163934
0.000919963 0.00327869
0.000919963 0.00327869
0.000459982 0.0010929
0.000459982 0.0010929
0.000459982 0.0010929
0.000919963 0.00327869
0.00137994 0.00382514
0.000919963 0.00437158
0.000459982 0.00437158
0.000459982 0.00218579
0.000919963 0.00327869
0.000459982 0.00273224
0.000459982 0.00273224
0.000919963 0.00382514
0.000459982 0.00218579
0.000459982 0.00491803
0.000459982 0.0010929
0.000459982 0.00163934
0.000459982 0.00163934
0.000459982 0.00218579
0.000459982 0.00218579
0.000459982 0.00218579
0.000919963 0.00327869
0.000919963 0.00273224
0.000459982 0.0010929
0.000459982 0.00327869
0.000459982 0.00163934
0.00137994 0.00546448
0.000459982 0.00218579
0.000459982 0.00382514
0.000919963 0.00218579
0.000459982 0.00218579
0.000919963 0.00218579
0.000919963 0.00382514
0.00137994 0.00327869
0.000919963 0.00273224
0.000919963 0.00382514
0.000459982 0.00218579
0.000459982 0.00273224
0.000459982 0.0010929
0.000919963 0.00218579
0.000459982 0.00491803
0.000919963 0.00327869
0.000919963 0.0010929
0.000459982 0.00273224
0.000459982 0.00218579
0.00183993 0.0114754
0.00137994 0.00765027
0.000919963 0.00601093
0.000459982 0.00273224
0.000459982 0.0010929
0.000459982 0.00163934
0.000459982 0.00218579
0.000459982 0.00163934
0.000919963 0.00218579
0.000459982 0.00218579
0.000459982 0.00163934
0.000459982 0.00163934
0.000459982 0.00273224
0.00137994 0.00546448
0.000459982 0.0142077
0.000459982 0.00163934
0.000459982 0.00327869
0.000459982 0.00218579
0.000459982 0.00163934
0.000459982 0.00163934
0.000459982 0.00163934
0.000459982 0.00163934
0.000919963 0.00382514
0.000459982 0.00218579
0.000459982 0.00163934
0.00183993 0.0142077
0.000459982 0.00218579
0.000919963 0.00546448
0.000459982 0.00218579
0.000459982 0.00273224
0.000919963 0.00491803
0.000459982 0.0010929
0.000459982 0.00218579
0.000459982 0.0010929
0.000459982 0.0010929
0.000459982 0.00163934
0.000459982 0.00218579
0.000919963 0.00382514
0.000459982 0.00218579
0.000459982 0.0010929
0.000459982 0.00218579
0.000459982 0.00218579
0.000919963 0.00601093
0.000459982 0.0010929
0.000459982 0.00218579
0.000919963 0.015847
0.000459982 0.00437158
0.000459982 0.00163934
0.000459982 0.00218579
0.000459982 0.00273224
0.000919963 0.00382514
0.000459982 0.00163934
0.000459982 0.00218579
0.000459982 0.00218579
0.000459982 0.00218579
0.000459982 0.00273224
0.000459982 0.00218579
0.000459982 0.00327869
0.000459982 0.00327869
0.000459982 0.00327869
0.000459982 0.00273224
0.000459982 0.0010929
0.000459982 0.00218579
0.000459982 0.00218579
0.000459982 0.00437158
0.00137994 0.00491803
0.000919963 0.00218579
0.000459982 0.00327869
0.000459982 0.00491803
0.000459982 0.00273224
0.000459982 0.00218579
0.000919963 0.00218579
0.000459982 0.00273224
0.000459982 0.00218579
0.000459982 0.00218579
0.000459982 0.0010929
0.000919963 0.00273224
0.00229991 0.00874317
0.000919963 0.00601093
0.000919963 0.00437158
0.000459982 0.00163934
0.000459982 0.00218579
0.000459982 0.00218579
0.000919963 0.00437158
0.000459982 0.00218579
0.000919963 0.0010929
0.000459982 0.00218579
0.000459982 0.00163934
0.000459982 0.0010929
0.000919963 0.00382514
0.000459982 0.00273224
0.000459982 0.0010929
0.000459982 0.0010929
0.000459982 0.00218579
0.000459982 0.00218579
0.000459982 0.00273224
0.000459982 0.00327869
0.000459982 0.00163934
0.00413983 0.026776
0.000459982 0.00218579
0.00183993 0.00928962
0.000459982 0.00218579
0.000459982 0.00273224
0.000459982 0.00273224
0.000459982 0.00163934
0.000459982 0.0010929
0.000459982 0.00163934
0.000459982 0.00327869
0.000459982 0.0010929
0.000459982 0.00218579
0.000459982 0.00163934
0.000919963 0.00437158
0.000459982 0.00218579
0.000919963 0.00218579
0.000459982 0.00218579
0.000459982 0.0010929
0.000459982 0.0010929
0.000459982 0.00218579
0.000459982 0.00218579
0.00183993 0.00819672
0.000459982 0.00218579
0.000459982 0.00163934
0.000459982 0.00163934
0.000919963 0.00382514
0.000459982 0.00218579
0.000459982 0.00273224
0.000459982 0.00327869
0.000459982 0.00327869
0.000459982 0.00382514
0.000919963 0.00382514
0.000459982 0.00163934
0.000459982 0.00163934
0.000919963 0.00382514
0.000459982 0.00273224
0.000919963 0.00382514
0.000459982 0.0010929
0.000919963 0.00765027
0.000459982 0.00163934
0.00137994 0.00546448
0.000919963 0.00273224
0.000459982 0.00218579
0.000459982 0.00163934
0.000919963 0.00437158
0.00321987 0.0191257
0.000459982 0.00163934
0.000459982 0.00218579
0.000459982 0.0010929
0.000919963 0.00327869
0.000459982 0.00273224
0.000459982 0.00218579
0.000919963 0.00327869
0.000459982 0.00218579
0.000919963 0.00273224
0.000459982 0.00327869
0.000919963 0.00273224
0.000459982 0.0010929
0.000459982 0.00163934
0.000459982 0.0010929
0.000459982 0.00218579
0.000459982 0.00218579
0.000919963 0.00546448
0.000459982 0.00163934
0.000919963 0.00437158
0.000459982 0.00273224
0.000459982 0.00218579
0.000459982 0.00163934
0.000459982 0.0010929
0.000459982 0.00327869
0.000919963 0.00655738
0.000919963 0.00546448
0.000919963 0.00273224
0.000459982 0.00273224
0.000919963 0.00163934
0.000459982 0.00218579
0.000459982 0.00382514
0.000459982 0.00218579
0.000919963 0.00491803
0.000459982 0.00163934
0.000459982 0.00163934
0.000459982 0.00218579
0.000459982 0.00163934
0.000919963 0.00218579
0.000919963 0.00273224
0.000459982 0.00163934
0.000459982 0.00218579
0.000459982 0.00273224
0.000459982 0.0010929
0.000459982 0.00218579
0.000459982 0.00218579
0.000459982 0.00218579
0.000459982 0.00382514
0.000459982 0.00163934
0.000459982 0.00218579
0.000919963 0.00327869
0.000459982 0.00273224
0.000459982 0.00327869
0.000459982 0.0010929
0.000459982 0.00218579
0.000459982 0.00327869
0.000919963 0.00382514
0.000459982 0.00218579
0.000919963 0.00163934
0.000459982 0.0010929
0.000459982 0.00382514
0.000919963 0.00273224
0.000459982 0.00218579
0.000459982 0.00163934
0.000459982 0.0010929
0.000459982 0.0010929
0.000919963 0.00327869
0.000459982 0.00218579
0.000459982 0.0010929
0.000459982 0.00218579
0.000919963 0.00601093
0.000459982 0.00382514
0.000459982 0.00163934
0.000459982 0.00163934
0.000919963 0.00273224
0.000459982 0.00437158
0.000459982 0.00218579
0.000919963 0.00327869
0.000459982 0.00273224
0.000459982 0.00218579
0.000459982 0.00218579
0.000919963 0.00273224
0.000459982 0.00163934
0.000459982 0.0010929
0.000459982 0.00273224
0.000459982 0.00218579
0.000459982 0.00163934
0.000919963 0.00382514
0.000459982 0.00327869
0.000459982 0.00218579
0.000459982 0.00273224
0.000459982 0.00218579
0.000459982 0.00218579
0.000919963 0.00437158
0.000459982 0.0010929
0.000459982 0.0010929
0.000919963 0.00273224
0.000459982 0.00218579
0.000919963 0.00765027
0.000459982 0.0142077
0.000459982 0.00163934
0.000919963 0.00437158
0.000459982 0.00163934
0.00183993 0.00491803
0.000459982 0.00273224
0.000459982 0.00327869
0.000459982 0.00273224
0.000459982 0.00163934
0.000459982 0.00382514
0.000459982 0.0010929
0.000459982 0.00218579
0.000459982 0.00163934
0.000919963 0.00327869
0.000459982 0.00163934
0.000459982 0.0010929
0.000459982 0.0010929
0.000459982 0.0010929
0.000919963 0.00273224
0.000459982 0.00163934
0.000459982 0.0010929
0.000459982 0.00218579
0.000459982 0.00273224
0.000459982 0.00218579
0.000459982 0.0010929
0.000459982 0.00218579
0.000459982 0.00273224
0.000459982 0.00327869
0.000459982 0.00218579
0.000459982 0.00218579
0.000459982 0.00218579
0.000459982 0.00163934
0.000919963 0.00218579
0.000459982 0.00218579
0.00183993 0.0185792
0.000459982 0.00218579
0.000459982 0.00218579
0.000459982 0.00163934
0.000459982 0.00218579
0.000919963 0.00273224
0.000459982 0.0010929
0.000459982 0.00218579
0.00137994 0.00382514
0.000459982 0.00273224
0.000919963 0.00163934
0.000919963 0.00928962
0.00183993 0.00710383
0.000459982 0.00327869
0.000459982 0.00218579
0.000459982 0.00218579
0.000919963 0.00218579
0.000459982 0.00163934
0.000459982 0.00601093
0.000459982 0.0010929
0.000919963 0.00273224
0.000459982 0.00273224
0.000459982 0.00163934
0.000919963 0.00327869
0.000459982 0.00273224
0.000459982 0.00218579
0.000919963 0.00273224
0.000459982 0.00218579
0.000459982 0.0010929
0.000459982 0.00273224
0.000919963 0.00601093
0.000919963 0.00437158
0.000459982 0.00273224
0.000459982 0.00218579
0.000919963 0.00218579
0.000459982 0.0010929
0.000459982 0.00218579
0.000919963 0.00491803
0.000459982 0.00218579
0.000459982 0.00163934
0.000459982 0.0010929
0.000459982 0.00218579
0.000459982 0.00163934
0.000459982 0.00163934
0.000459982 0.00327869
0.000919963 0.00710383
0.000459982 0.00218579
0.000459982 0.00218579
0.000919963 0.00437158
0.000459982 0.00218579
0.000459982 0.00273224
0.000919963 0.00327869
0.000459982 0.00218579
0.000459982 0.0010929
0.000459982 0.00273224
0.000459982 0.00163934
0.000459982 0.00163934
0.000919963 0.00218579
0.000459982 0.00163934
0.000459982 0.00273224
0.000459982 0.00218579
0.000459982 0.0010929
0.000459982 0.00218579
0.000919963 0.00382514
0.000919963 0.00382514
0.000459982 0.00163934
0.000459982 0.0010929
0.000459982 0.00163934
0.000459982 0.0010929
0.000459982 0.00218579
0.000459982 0.00163934
0.000919963 0.00327869
0.000919963 0.00327869
0.000459982 0.00273224
0.000459982 0.00163934
0.000459982 0.00218579
0.000459982 0.00273224
0.000459982 0.0010929
0.000459982 0.0010929
0.000459982 0.00273224
0.000459982 0.00218579
0.000919963 0.00163934
0.000919963 0.00437158
0.00183993 0.00491803
0.000459982 0.0010929
0.000459982 0.00163934
0.000459982 0.00163934
0.000459982 0.00218579
0.000919963 0.00382514
0.000459982 0.00218579
0.000459982 0.00273224
0.000459982 0.00218579
0.000919963 0.00491803
0.000459982 0.0010929
0.000459982 0.00218579
0.000919963 0.00437158
0.000459982 0.00218579
0.000459982 0.00163934
0.000919963 0.00327869
0.000459982 0.00218579
0.000459982 0.00273224
0.000459982 0.00218579
0.000459982 0.00218579
0.00137994 0.00601093
0.000459982 0.00163934
0.000459982 0.00273224
0.000459982 0.00218579
0.00137994 0.00491803
0.000459982 0.00273224
0.000459982 0.00273224
0.000919963 0.00218579
0.000919963 0.00437158
0.000459982 0.00382514
0.000459982 0.00273224
0.000459982 0.00163934
0.000459982 0.0010929
0.000459982 0.00218579
0.000459982 0.0010929
0.000459982 0.00218579
0.000459982 0.00218579
0.000459982 0.00218579
0.000459982 0.00163934
0.000459982 0.00218579
0.000459982 0.00491803
0.000459982 0.00273224
0.000459982 0.00218579
0.000459982 0.00163934
0.000459982 0.0010929
0.000919963 0.00382514
0.000459982 0.00218579
0.000459982 0.00273224
0.00137994 0.00655738
0.000459982 0.00218579
0.000459982 0.00218579
0.000459982 0.00218579
0.000919963 0.00327869
0.000459982 0.00218579
0.000459982 0.00218579
0.000459982 0.00218579
0.000459982 0.00218579
0.000459982 0.00218579
0.000459982 0.00218579
0.000459982 0.00163934
0.000459982 0.00163934
0.00137994 0.00491803
0.000459982 0.0010929
0.000459982 0.00273224
0.00275989 0.00874317
0.000459982 0.00218579
0.000459982 0.00218579
0.000919963 0.00382514
0.000459982 0.00218579
0.000459982 0.00327869
0.000459982 0.00273224
0.000459982 0.00218579
0.000919963 0.00437158
0.000459982 0.00218579
0.00137994 0.00710383
0.000459982 0.00218579
0.000459982 0.00273224
0.000459982 0.00218579
0.000459982 0.00218579
0.000459982 0.00218579
0.000459982 0.00163934
0.000919963 0.00327869
0.000459982 0.00382514
0.000919963 0.00218579
0.000459982 0.0010929
0.000459982 0.00327869
0.00137994 0.00382514
0.000919963 0.00437158
0.000919963 0.00273224
0.000459982 0.00218579
0.000459982 0.00218579
0.000459982 0.00327869
0.000459982 0.00218579
0.000459982 0.00273224
0.000459982 0.00163934
0.000459982 0.00218579
0.000459982 0.0010929
0.000919963 0.00327869
0.000459982 0.00218579
0.000459982 0.00163934
0.000459982 0.00273224
0.000459982 0.00382514
0.000919963 0.00327869
